101315035
318864858
299986250
214596534
319212679
235453256
266930178
354944804
142230305
319602159
289994382
355644592
258838953
252369529
104405999
105844824
216064572
334982842
273632123
143716182
277600182
278514530
292442678
281904509
280832150
260194006
280810780
238073671
190746310
345866139
353948664
279064149
321542581
211655499
214907171
107007489
348048272
361304955
155904509
204632495
248451032
255650572
221612870
295830237
360324419
361340266
361342375
282136434
282082982
245489366
361348280
353938375
244271885
220503847
135695006
290362857
156252452
361762422
217511258
347494268
261678017
255618604
292942408
316214445
300150300
300150234
300184450
242357807
217917554
299142131
143697705
323464418
103366924
215844571
155882447
150133665
106828161
223037105
102517759
283738612
223034248
223033471
102517723
282614382
351452189
298798797
262618793
284178227
150326759
349470732
289366519
246038293
286564198
294740887
346956484
286544812
293374408
348738711
104346714
338902752
100037669
282614382
260275077
307930128
286070796
293374408
227346287
248901195
294740887
246886096
248395380
286552521
284178227
320236784
218210721
236633711
249472885
335388060
357392929
315770403
247157338
266140168
252547376
204722967
251624602
251033662
264742381
262624606
100319517
251624601
233109984
224627641
295194049
251617718
236205953
239781644
260658650
246690071
249311206
300336777
265240897
220990477
220991087
298724597
284194648
207149845
258008918
258728947
339648983
286340318
330326037
234997118
283904935
274144716
320032371
276346806
339308111
267828509
212880912
316632075
200585664
238930302
219799220
214512401
206941928
302078255
287084646
309900860
248260619
280926716
265514257
350776139
224864929
168216847
268242328
277034767
279312542
318186260
358652567
258863255
261130233
259279421
255635650
295748801
256895200
341880252
211106321
101218277
102577585
280276090
102577660
251620606
150902855
246767883
247546277
267538193
278432235
250332486
285272261
101096295
258860977
335700139
275968143
221417982
281666156
266522387
214042092
264328637
258652845
101301343
148762589
294156899
242644835
101109106
102466260
317682707
287250818
320986592
133426737
349958808
296000794
293374408
258656483
248395380
295658043
282068396
303354403
265224143
288278570
353138247
362152683
246630017
317422617
305174028
102426195
318490263
239812246
170408903
262002662
160294100
234728453
247928335
288262896
102240659
105943537
160286906
246146226
223452452
169009721
102922285
265790141
143688466
245547736
249062075
105298934
273256825
206100571
278314158
245671308
206013216
244358096
142933542
143161292
133215018
102241341
344184606
360940686
245994088
360368799
358102002
358030420
259454055
106752441
296890779
310332488
284208821
326146223
333500622
166092174
217431697
215427358
259450640
272840536
259499148
329546327
331488460
325254199
333666537
315604703
250263272
337804904
334210134
334172938
286988429
277268116
348566703
314366182
307892625
221412824
262750447
295682983
337862415
246122596
304188068
283788479
252197534
154817014
255386897
255402832
154811627
263170661
344176030
214022592
358472671
356766003
333218878
356740289
219817214
272006718
143584920
247556108
315412930
341626773
216933177
260091324
247551355
250819092
354830742
356760332
295604710
222186061
170775150
286582742
216933075
154812513
272232043
253673023
280448318
214064839
142558786
319568350
211388030
206804418
149103174
151729204
277390707
157544558
212507907
275156436
339616266
235438304
248468230
265280376
266138815
255368379
150391467
295258990
292332180
270034532
284242775
304440922
310896572
259810372
268816869
307286178
318502303
231258952
158046686
250680324
292686007
274712183
296952102
221512920
252696397
219636220
296952100
263942850
248389189
266796344
170567485
269698568
258801529
296506413
280496436
267350420
258644339
263036240
277492921
132155871
284860488
273870320
271462552
291540616
168425913
271452701
255829322
239727138
251153170
250637131
288564626
263796375
252667408
278224727
298166225
100984460
288610121
298410150
238126910
309174825
271206293
245677849
224692721
277430713
280198753
245435050
235435446
233029142
167520109
290276624
214080015
280846021
213932615
268188724
271454702
264126147
148971054
250476672
101392284
246259983
233791340
258444718
101246416
103067872
101492776
135473377
101740404
291762489
248394750
137306651
102066720
258005840
286630051
156212687
235085567
143312002
286622321
235086414
212686348
120707238
103068822
139114402
102876985
212534237
105400220
337994572
239289116
137303575
286610697
142972697
101706724
282116837
272364500
102564232
156572555
273626207
270900688
223459646
231282414
262294046
254517570
288472490
236999359
290998703
289778299
164750463
287660912
290270211
289200604
257945182
217537199
275176217
252390334
255680298
252203880
289754954
323892001
102022866
294230062
293820082
270848891
290270236
261494932
316940457
288710818
256307592
258179649
223784845
263940927
239714813
281594515
138005484
101746451
249183602
164747699
252926398
262638088
258642058
170115363
292486241
260385529
151482561
249320976
244692503
293566402
354170093
298574050
313406733
274504258
165910546
232374093
137699314
251386247
288976610
247628357
278112573
200920441
302246711
341906751
258030308
252699804
341932609
221527792
239677147
356858884
231518976
160949412
250040643
264664589
271490156
276032597
283322888
263866251
279286704
348622256
285084230
334154084
292746054
353914409
347434661
349022488
346678826
361144499
349248466
296000794
355302440
295514821
307882016
311024629
295516305
347534655
346934248
327294648
318148575
349010389
294224219
354420668
356086812
350826076
338496819
358894516
356996732
300196626
351416175
349492645
358572397
341614059
352182003
343262081
346558079
327324043
314676184
347632220
344496322
341760883
343226228
