324610005
351668890
340986245
291110052
101193526
281994864
210886750
353800790
282018040
279982786
257666145
210146524
246523003
220576358
229289606
245600698
326412481
248021309
276848893
202962297
251377389
169643853
234609526
235636140
251372382
200237790
104346129
102139383
248747596
282316909
282324519
190402276
259449418
278816318
212543164
200237784
200032737
294122168
215774072
102314790
260587252
330482635
265524151
252369535
265648154
251486010
252942221
265658399
239689379
102383118
275538594
234585418
234610674
206907112
102327614
215684307
364044401
361606274
361558698
249867531
224768706
267872538
223045213
239741658
223887850
223415569
239740675
295716476
248584936
253617272
304814924
282232978
289446458
252389082
302978109
223891903
230963173
338512599
228293831
235380094
237033426
338570856
312858934
338558835
326360294
231069598
258731773
245925335
325734899
223447022
316324249
358434589
231549454
252715565
223408488
231276542
297562622
338858749
284996909
101031173
265466565
250659232
295730965
259203772
338778328
246316217
293496336
274038045
274382198
277114289
101435547
165112662
310480847
310486908
254116826
205183527
329742123
295732027
252947967
246244972
313756106
251140939
310512831
259796278
250257916
304636264
306856307
143271404
310466399
227491586
296134319
294704655
143235401
272770358
272764630
245653872
269618540
297566967
277706277
270920709
102046055
102032035
100149225
100424458
262822892
142981595
136093830
267422808
169754812
102051339
274260281
102087321
247363306
264644057
200033822
247350826
247362018
105908441
308060415
200033817
271124189
268964182
295614820
245657126
102386818
190817087
265148454
299290736
206827773
259433915
277704478
136053324
259670148
260525259
247660244
300068131
338248869
229790940
348538367
309042386
354722779
286286701
291710583
348386606
355096294
348362473
350626646
250924996
200918010
335328007
329870746
239374986
215706352
275920401
284158826
316332494
348298939
318096433
246028967
226462406
245692759
235189810
292392785
355286708
211652087
354700740
247408728
326256444
257999353
321340746
330454013
290832602
235210539
234180787
234104905
100822606
277410365
270234772
310382336
254506504
295734627
348332715
281670096
154655021
253908182
303060599
358946129
357226280
271500949
362790714
362354354
265068848
292900963
278766267
210474477
263938908
160004891
248139928
305722645
297042036
247622512
232345420
253931026
273816327
319206003
288464943
296788776
284204121
242883145
232369528
166178023
264910319
235613513
350040119
282856973
304924148
343890286
155299924
313720615
247161414
289570928
257151674
297492943
224665262
339426136
345296685
339386767
333678519
328772975
328952049
330458368
242765043
231545343
260682161
220706387
343890304
259729560
242774025
283156505
311826741
301540621
304902502
277550354
282584573
313660519
283622947
304898606
328816336
326076941
232629292
242709526
348802132
289068045
298254439
281960079
284508595
244658436
278052243
272178385
361198413
337854404
362838010
362258751
358430545
232053800
305166345
150839448
275778496
257232376
289048805
256589858
279898505
253863465
321182396
311900017
291448736
248277975
295366587
333138409
286430836
270224580
323774108
239792030
256588857
292222705
165859048
309868596
310164276
294570246
270222684
260092175
256638868
278338599
260271539
356872783
342140520
276092169
345542617
225764223
284616248
329840152
318502394
245737620
277582508
280076373
280046703
279290215
248469157
218235428
335660585
137491151
349728732
341754577
154616593
285048299
165112515
346548060
106151339
280730695
267416766
278316535
246005559
280348846
288366175
237064385
135720422
143583155
246002341
246002276
133789534
324786861
261714615
277474430
345280856
105261419
103012959
284778014
292088407
336596615
283306742
340250352
329986549
331470977
251202217
279238897
289816408
244428741
220885719
289804638
323080401
156637059
148967344
206946223
247695916
282124624
247703574
285006132
295730660
340224735
293126556
165411867
338144515
310662646
296414306
282612647
216440946
160912330
211314289
323066752
289804660
297944698
254382764
253527900
160913095
348662012
325292816
273894142
260680289
100996402
288944907
344806209
355344332
349022910
347400652
362214793
320240554
211055352
301806387
274282234
326432092
260117629
224422914
224918378
240991941
146730224
140031867
157956548
151228321
143093507
200082342
154809552
229346517
310386334
104875265
142932417
232764540
266564138
156412396
341214169
213636261
264924108
272738793
302626484
290578604
165378427
274396723
223856258
259368118
349130392
106039435
339716343
337822913
290806488
101535061
349688317
332738108
345284210
252537148
142839522
303076816
209091878
239072546
105746989
305538713
215201861
309054506
166073927
337830844
337878263
250476720
230536717
251477289
316470985
211257914
266008137
282844979
334462085
277616937
277622918
319760771
288002536
344782757
347542897
347518994
297364052
280488979
347556630
347558698
287860814
278570163
273938810
297480309
296980500
235666984
246694205
300140630
237899289
165224962
326368108
292210723
291216575
300336877
288040801
326370145
280658795
292240890
290996127
279888518
282788177
264292908
283792160
298674648
266412427
291436085
293436363
326256145
273286773
336556354
319784417
343000860
340850944
276162730
364042752
336228898
332150473
222321109
366896067
366892060
366888190
366882416
366876097
366872166
366864563
366850543
366836852
366816983
366696245
366692224
366664660
366534042
366534007
366526117
366516257
366512367
366510167
366496223
366492079
366490327
366486584
366478676
366478512
366478430
366478222
366476112
366474995
366466620
366466392
343636056
220154962
274510070
249524020
348992718
351616507
348336836
349314065
350134760
345492636
356184591
279702143
365434308
365752208
262374340
243305612
297440711
255654122
296784651
281826130
309084750
234843755
253892916
229452799
247026070
234960078
285644171
268924620
235343130
291642045
138439653
289982242
213421038
316862401
310084458
294746101
101337901
278754086
257161888
252051125
