341050573
290254769
286928588
106877351
302528081
221713811
333468831
259952393
334910211
278146153
343118908
157075483
258833614
326290546
239350302
292188023
211775116
296690621
259702327
207495022
353204807
251236066
337252225
205740327
259670445
287798512
215603816
200612797
260092904
246823340
220654771
326338313
101363133
248911975
320228934
272448208
213037029
273816298
224582681
356168463
220115664
200082549
356894524
263908688
232394795
276306526
220735548
304002742
323778659
337332545
286948934
215722965
156238964
334406589
251135057
318056211
284340077
101744779
244542032
249670056
260105256
243958673
299142137
297932323
294448217
299692026
281634064
281080279
269534373
259720885
270530525
273752905
217559241
321260912
256655992
250823101
263838693
312738183
273934305
358524890
359426710
316832910
284886510
247540324
244440310
248229168
160163037
267030309
247154095
337148633
338970634
260358947
296498333
276964592
249187403
284190501
266112860
104235220
326604870
330290479
263852060
167947616
260516372
332022696
353208699
239065559
323628819
296544190
155819544
255627599
134395619
255690826
279958412
254826043
260034200
360580210
224796403
300156859
263882007
314208345
323886060
299718062
271190494
101837950
290194423
277206294
284512170
270532079
245643251
211409176
265634091
257424978
258917076
337318854
251568435
222879871
248118151
143424112
341298711
210868438
239131149
322212152
274242608
262656229
221515397
247042374
274156981
316846221
288380893
288380860
235856317
104442726
343340580
266348637
278894048
201417590
282340705
224351348
209878833
235571800
235333314
287918344
362504890
274168850
279846814
245503420
298732722
245500815
104404575
209878777
348622361
340772799
278046150
222388543
221922982
262690794
237036706
239141479
290566024
298916160
312408200
200081926
276256277
267428874
290188908
289902641
240009847
218160645
200496098
299724347
341328062
246708890
285406311
346020068
205957129
245574189
267014134
263374496
224878379
275474167
200252366
330940882
290646726
290212834
287850168
340772347
213111243
235148847
289958658
309886286
360898485
190801543
277098110
320264293
205666478
234520632
273582045
219177822
200010541
205188591
284270244
238545569
221579070
280362481
219141963
232378046
250898385
259817534
304570509
317834552
222737523
246820414
274156933
303908376
300168588
296152262
353760607
292008001
101762018
275476525
337292439
101357377
156245333
289118033
255905645
290216707
358114359
283446540
254546466
247083988
357450485
136081414
289576506
341058611
101344262
280656864
246115592
257997465
311506890
307356883
102441766
253859383
247152015
288020055
262278474
350418879
245169143
300070439
269104424
271230072
270872434
255642266
277846092
281844018
273032719
224855774
322582156
353826898
342412626
217209150
237121113
276972724
248085415
101048581
234704075
274148512
338660277
222820949
281510108
280130798
319352857
251564650
213024956
302648709
246131195
132196302
221520020
219013737
235729170
250204951
257957083
239067127
274402584
335200333
100619509
101071602
253863449
276964634
280926430
241710664
258415672
292198044
256325654
224354688
258730433
253663243
341566001
340432473
217880682
217281330
291790500
248753986
329990724
340796837
256046710
138836890
326232139
299138634
200607533
252044204
204682721
269088080
255648966
244691426
213471853
296118304
210253294
102617878
337306303
234251208
343186385
276408084
260518790
354630357
287870326
259283519
218416409
267232001
314602924
287856881
250471478
254517210
324848891
235122042
274026766
157538359
284368459
287036356
103692499
151809307
253989577
290148446
259598031
288676396
245888873
258326700
258550449
141082090
338314740
121005233
345780848
100232898
266784195
343292479
247153060
277828841
200602551
237055658
213060870
133344473
285480704
337204172
200226643
248031684
337230087
299464707
200256947
338248459
200037566
350598528
275262404
247159047
287018848
224583294
244202523
232669447
245578108
250468122
262276674
104174401
326044722
205192899
299694224
211409231
204682848
267004874
277816826
290952790
363590291
324722866
262988343
276162578
222303010
283380210
248322598
317936294
320182916
244584725
134393525
292460332
263420661
209878429
272868114
102443827
244582895
341092589
211696420
102973280
249039351
248588614
245890261
151207621
222357213
266724001
245363396
210690985
255594727
244474498
101701573
265934331
335900129
341092264
285160093
245494836
246822361
248914381
271754100
368384277
209878603
249187377
296590917
326300459
170456954
135277981
320516329
148656070
204682916
249472381
290200302
264314614
294642027
278742467
106237025
250280456
246248022
229973927
235079246
245943920
255838838
151249539
300640453
252193813
280938711
224902062
143561558
321378770
270166095
221974498
279240059
214414425
284368419
267420062
336050939
222771628
250447615
336318033
279720682
233269720
335746498
282204111
200229245
244135888
273960055
298122036
286990587
326308738
209154331
277082571
245737489
237040506
326266595
259207970
258314989
319484203
362218549
353066515
266922563
104063180
236207351
340836582
249671976
246186671
104342054
294252838
157271716
200231465
250394095
208510707
260220492
101313404
245673480
222301072
245413068
272744862
259030791
293370144
284488877
271210343
344046126
340964822
303532830
101310605
279900246
274676419
353248168
272406791
259824469
213143928
270106058
244538484
255838441
252380669
277998154
216953245
310460190
288238513
103659816
289346971
245384565
290476630
344554510
334076115
239828269
246018363
269528865
272628301
271392604
299464005
361248928
289374861
209878171
224448503
317192293
258838104
258006808
247032558
244350664
308564458
268282463
254822027
360310911
282442618
327458509
244242169
258727140
359234011
267002294
324088246
303080534
221903065
221522282
339784884
336494678
334208377
224614684
271104075
251043840
281032925
296180428
254092362
279670291
360606070
332782611
155807660
218803411
101723788
209084489
275188510
246168361
263926923
271542870
222301088
143322580
150821568
101792556
332080440
239131814
368038791
266616345
102669959
224607726
239667956
278956655
303116187
274604476
264038734
308686966
256456288
234814288
265932651
343424322
219007764
290738173
296790820
264640320
263922224
271968361
136079824
224587281
275594677
294696006
235001362
282936420
312578560
325866105
310352355
278914843
293353000
249191048
316418339
239043705
286322321
190722968
100076413
334384855
244456350
299726274
272872482
264618542
251153046
277478249
260518244
101048583
265906599
271206235
266444534
217435410
294884359
290220745
247080194
275400248
246387892
287016687
294206082
317970581
323762827
349236708
294372896
284914681
221515256
271082907
258719222
339980932
221922938
321902863
271212316
270892968
245919126
252717488
296280809
102139565
324476723
141147220
295400716
252201009
334442042
299734396
282830292
246252009
246658053
321882892
272882189
294766490
220924007
155892261
278686753
247038469
165425276
340418128
302640798
259206513
200255367
286998590
333514634
291224420
293624080
160993353
254517577
351812783
245633806
273642467
208588483
287866557
235615251
271218036
258315314
319410342
234734224
244536677
151254349
248217274
251726201
221515412
211409186
279298960
287780218
101071606
253922542
253290274
282618282
209878815
314134889
296166365
157358197
290898908
235213650
330058099
282662713
260066337
258550791
262898224
279464119
340772307
217209034
324878524
271204328
264146188
271190493
284350919
239056952
190459839
327778251
159165639
246380329
265152335
215725366
263872145
251492888
290172625
102956313
205142664
275942280
104237678
256897589
282052622
102134235
324936329
190801648
282808656
329520374
254393297
233272976
335172503
244690126
253272440
244060984
304986210
299750294
297526746
340412024
290232436
235381231
156933710
251735848
288864122
313422051
274148346
254823199
314094003
292238367
103283088
306278950
276098525
263830841
223837093
222292962
245682642
326288573
210868532
101310895
278332183
137432121
280298359
218798813
279778980
246128427
282430500
290216682
340998439
282312312
211409233
291158634
290392921
355740354
275250812
247397587
270786457
213845810
282612785
275714379
248762503
237982461
274798421
292946130
262348204
273784057
249867861
293538139
302094096
277984918
260944503
266916703
254820041
310186111
102336853
264374637
322124637
245663906
209878177
234017909
272956994
277530154
247152074
265906468
270834765
245158721
225119304
340916593
102772775
285524457
345730105
263556205
265214397
335052150
244491066
339564264
339044592
246013942
284922454
105390128
290966479
275874215
340452423
317086387
310188179
100072529
283778406
105427195
138040354
213061701
273138162
167818911
348128924
208966799
246020011
252209880
311946286
341958601
321172791
221515315
244541400
260352351
239017658
242872610
258658129
310420412
252206061
221515433
244513488
102942022
268686933
170454811
258443808
326068032
357052026
356538782
170465115
271488875
249187382
339428883
221515320
223897008
221204238
275284705
248594043
272690980
289062355
248076573
145743722
268642745
257167435
258326037
103125030
277066225
267006933
280430780
245686453
271186748
271384337
251584430
250280439
281986303
326256906
293798048
302160986
275720519
211590822
205147090
349692388
279652625
329608676
298180538
346280307
331546908
341008154
235730000
143234017
106077166
334410467
148008244
143234025
351802339
287278908
274364348
106974963
348140350
328348852
211409151
287174906
251904226
274292009
160111089
251944060
279970335
283778253
319754491
295922672
276686575
221521885
297470610
323892003
269224006
100841860
337182488
273530044
103741251
316596758
282644305
258656231
271192565
295996101
354294213
297872702
270712415
295684653
273672201
347500726
260702588
324640189
271438406
303692659
273676583
102337891
246226820
249168427
251138036
284760775
358418304
264888586
256046329
275516506
106681034
266492736
276808944
333368791
278660293
266248227
279130521
335794851
237485882
103288968
298682168
257179086
155029911
137433107
102337877
295800601
100677055
236178000
221922939
340762390
307982379
100573035
247026633
223025370
209083504
337210791
287372434
326044517
316500457
271394468
273016160
101357390
250624310
321446298
275602929
101460205
211409218
213065986
319284854
170010436
142968595
308770471
326338249
213074093
276310365
313414719
277562280
221165445
277562204
271202574
246348944
137671858
282902609
237418873
271888830
160208005
260171196
276444254
221515346
312064133
221922866
221404362
273652929
209181596
120829352
146146029
258178455
248575279
266918673
324096285
101009949
309362292
233522134
276188193
209912254
350610043
138006478
273986471
248301777
251236074
246158347
342330734
143232513
274896439
255838700
276970630
241712702
138005361
360576353
143329038
239759255
148003620
255402869
322232658
246914347
260076932
250928192
102441921
160087128
105389069
164812378
102296475
277844309
100975176
102617972
100057139
101504818
159862156
291854447
271088878
258419556
274236724
170461491
282784864
137432102
235650436
209878257
148007352
288766242
164751625
103289283
213038519
288992292
248148358
160107252
155032746
269822109
152447341
286048342
248756489
325450669
322024313
256046358
246447317
323756828
101814387
160054939
313642519
103657344
284338020
215316258
337332892
269558187
239345512
326306071
105388615
142518490
321872981
137671795
285494541
292126576
131818254
334406842
103373458
120469277
200011733
351972074
155029794
106870056
299636764
306668412
252186606
356404817
101567286
277058834
239358761
316570379
323944422
306654628
101567221
264324857
160045916
279904161
279564128
249050826
284496252
104062743
283754782
257995015
325548120
269654253
232518006
148002647
276618531
256897748
272342942
279174352
101567269
271214092
249193812
221888519
311616058
100841829
326340838
223036846
298666647
208696051
247823053
255829560
222735764
283060388
305742631
272708599
102030612
221553032
252210563
366138067
259489692
284144483
326346199
289918527
292176397
266240531
284004632
265732908
221700707
295360622
337268085
245458563
101794967
276870046
289082750
249690995
273946938
248586133
137675213
211232268
240824947
342472887
275534449
220399755
212176542
131819170
323306085
277556162
213479163
287226582
359516804
138616492
278318440
167837864
279884552
201191653
245894881
343104589
271412037
359706152
287860777
287314804
137994657
273080193
234912417
279156882
250630190
280790424
246405643
102337895
213015478
288706229
200611723
200565664
299416009
211409152
279642534
156104422
239056700
246723566
200364599
337228179
137999873
335780021
250831935
101436317
121477271
246128388
286076618
269756724
303488038
209761944
160063491
226096789
259576741
101374984
340828440
292448022
303594241
204206056
101357372
259304670
220387910
277740286
301434330
273862972
245492476
275242783
160946251
299842202
279516747
210484199
162342720
292418059
293920311
259862685
200218850
244481149
245541112
285758534
295656170
157369074
324090092
250432818
103109859
251872650
354444109
249048270
220423081
213347171
274266756
316832910
284886510
265684205
247452252
267030309
160163037
296492757
254156574
337148633
244440310
276182879
101792635
272974408
220346132
251386697
338970634
247154095
260491224
263364377
271092025
274490057
350734791
337166734
254125397
209075932
263464308
339130263
273386805
337190764
270084832
282830292
155881942
105422504
284880444
244148756
257410807
289466783
252058222
339810720
217096053
350762542
260352351
258658129
239017658
242872610
268686933
249187382
262898224
244513488
102942022
170454811
252206061
357052026
275284705
356538782
170465115
271488875
302094096
339428883
267006933
145743722
221204238
248076573
221515320
289062355
281032925
248594043
268642745
277066225
103125030
258326037
280430780
310352355
222292962
339564264
245686453
247152074
251584430
251735848
326068032
282902609
340916593
247397587
258550791
326338249
258443808
211590822
328348852
331546908
281986303
329608676
276330901
271384337
211409218
334410467
235730000
337182488
279652625
346280307
351802339
274364348
341008154
106974963
348140350
283778253
274292009
339044592
251944060
295922672
251904226
293798048
319754491
221515433
221521885
301146897
101299041
282808656
268254510
266916703
279750923
237418873
262444620
321350679
279970335
157533486
298180538
294696006
349884468
307982379
221974458
294954860
240847587
310420412
270864172
348320545
339768347
265900686
340332977
235085701
273530044
260634193
281502255
248921071
232881481
271438406
320902312
279700431
300258106
346824940
250280439
224352970
263920671
255700505
295416332
260164704
297470610
288992292
242851813
342330734
297872702
322024313
248934979
284004632
271202574
345264553
258656231
295996101
270712415
226109756
274236724
354294213
295684653
260702588
264888586
324640189
303692659
246226820
249168427
266492736
256046329
347500726
266248227
358418304
277530154
106681034
278660293
275516506
284760775
279130521
251138036
343334497
257179086
298682168
295800601
100677055
236178000
273016160
287174906
340762390
223025370
324936329
100573035
276686575
247026633
282430500
209083504
273752905
287372434
326294963
316500457
321446298
271186748
250624310
275602929
170010436
319284854
275874215
290216682
308770471
213074093
313414719
276310365
213065986
277562204
277562280
160208005
221165445
271394468
271888830
287278908
282052622
260171196
244508560
221404362
337210791
276444254
335794851
209181596
102669959
366138067
312064133
120829352
246348944
326044517
323892003
275720519
258178455
324096285
266918673
309362292
246158347
334406842
233522134
248301777
102296475
350610043
271192565
273986471
271412037
209912254
251236074
255838700
273676583
258419556
276970630
255402869
235650436
143329038
274896439
241712702
360576353
333368791
239759255
246914347
322232658
277844309
269822109
100975176
326256906
271088878
142968595
221922939
282784864
209878257
221888519
248148358
286048342
306654628
152447341
248756489
325450669
256046358
246447317
272342942
313642519
269558187
239345512
213038519
292126576
264324857
200011733
330072626
321872981
351972074
299636764
221515346
252186606
239358761
356404817
249193812
271964393
283754782
249050826
316570379
273652929
279904161
279174352
285494541
343104589
269654253
276618531
271214092
326340838
223036846
221922866
292176397
298666647
279564128
208696051
232518006
247823053
265732908
283060388
337332892
305742631
221553032
326306071
252210563
240824947
255829560
256897748
337268085
326346199
295360622
249690995
259489692
266240531
221700707
245458563
342472887
273946938
275534449
257161440
211232268
212176542
138616492
277556162
323306085
299816553
221939323
167837864
287314804
289918527
245894881
278318440
284270244
279884552
280790424
269224006
273080193
250630190
234912417
213479163
264146188
299416009
337228179
288706229
287860777
200611723
279642534
237485882
156104422
200565664
323756828
239056700
279156882
246723566
200364599
269756724
286076618
335780021
215316258
226096789
279516747
340828440
250831935
293624080
305548630
211409152
321036655
337310465
259304670
204206056
303594241
259576741
277740286
275242783
160946251
299842202
246128388
210484199
162342720
292418059
293920311
220423081
200218850
311616058
289082750
285758534
244481149
245541112
245492476
273862972
157369074
349312162
325548120
250432818
287226582
103109859
354444109
251872650
249048270
291854447
274266756
246769482
295656170
266536959
220408528
290764508
235308614
339784884
297536472
337872229
248229168
353804124
297518907
293838546
353264596
295790952
143321377
281392668
170219764
224614684
276170505
355962747
266464363
246252009
246154474
319490923
190801611
160671818
360606070
272948840
222301102
320378652
280992833
363624022
358930700
221903065
332080440
360310911
336494678
227557316
254092362
282442618
258727140
155807660
341050573
290254769
286928588
248896589
257712305
323944422
246638728
357400609
213347171
246800608
320130682
211178336
160636534
279894336
274394816
143289392
260496914
327572338
337644989
209866701
244471972
235332204
260091139
284144483
317780764
251153048
285952448
315166212
274022096
290404416
259083959
246867835
268068144
211409224
276602725
245795622
292188023
296492232
100712769
264992518
356168463
343424322
190801443
209878174
101308481
263420661
209878493
214509717
166525066
101071607
100853940
265240956
101309399
288236774
274576882
215729141
274194983
253989240
249986345
214224392
245564097
259952393
278146153
334910211
221713811
333468831
258833614
343118908
326290546
190801460
157075483
279968915
239350302
258550449
106877351
207495022
211775116
259702327
353204807
205740327
334208377
220115664
260076932
259670445
215603816
260170126
200612797
302160986
296690621
246823340
326338313
220654771
287798512
160087128
272448208
290656348
224582681
244542032
320228934
213037029
323778659
273816298
248911975
356894524
263908688
334406589
220735548
304002742
101744779
215722965
297932323
337332545
284190501
299142137
266112860
251236066
276306526
251135057
200082549
299692026
352906218
239206106
322114056
318056211
167947616
256655992
249670056
260105256
284340077
286948934
232394795
294448217
259720885
217559241
270530525
250823101
360580210
312738183
260358947
296498333
281634064
269534373
104235220
276964592
353208699
330290479
245679109
156238964
260516372
249187403
321260912
273934305
239065559
323628819
296544190
337252225
134395619
299718062
255690826
211409176
342398008
288766242
260034200
224796403
284512170
255627599
300156859
263882007
155819544
254826043
247780932
276188193
263294833
101837950
270532079
245643251
209878650
313646872
247919255
260213806
279958412
258722144
202009908
221523868
250020101
219014748
265228253
237974857
325794918
302528081
210483575
319854475
258731053
242892794
213469380
281748735
209878286
271190494
340276767
349688690
241901450
249165698
297330084
136080226
262998273
256649729
267400998
324090092
256298738
323886060
147723274
235079164
235095285
100037303
209878347
265888486
220423177
285960197
290194423
200083192
250928192
326312633
250227751
358878160
279722467
262338275
217115981
190371043
224389118
274286258
311400232
332022696
252364125
267860490
120020569
251143571
218820883
252715798
265634091
340772799
222879871
290104349
250903025
217072401
288944088
190801477
258909887
207458167
314208345
222731834
201191653
283052015
211525792
257424978
281282312
258917076
337318854
251568435
250028278
248118151
143424112
341298711
322212152
301434330
235856317
244068493
266348637
274242608
262656229
247042374
210868438
221515397
260092904
239131149
274156981
240009847
288380893
348622361
360898485
265932651
316846221
278894048
104442726
343340580
298916160
287918344
201417590
224351348
209878833
262690794
235333314
281080279
282340705
279846814
289902641
104404575
245503420
209878777
243958673
278046150
284338020
239141479
246708890
235571800
274168850
290188908
276256277
205666478
346020068
290566024
200496098
299724347
289958658
290476630
275474167
237036706
205957129
285406311
245574189
267014134
200252366
267428874
298732722
312408200
340772347
263374496
213111243
200010541
235148847
309886286
290646726
277098110
190801543
234520632
320264293
200081926
341328062
324504023
224878379
221579070
287850168
219177822
205188591
290212834
218160645
303908376
238545569
296054306
330940882
232378046
101357377
259817534
350418879
222388543
221922982
317834552
222737523
357450485
136081414
289576506
246820414
274156933
219141963
296152262
353760607
101762018
211409151
341058611
275476525
304570509
337292439
289118033
255905645
358114359
283446540
322582156
290216707
247083988
272706747
101344262
246115592
254546466
322804810
307356883
300168588
311506890
245500815
102441766
247152015
288020055
257997465
262278474
156245333
280656864
353826898
245169143
327458509
308564458
332782611
267002294
359234011
271104075
251043840
271542870
143322580
101792556
340778740
101723788
272872482
327304095
222301088
209084489
224607726
244242169
279670291
239131814
221522282
275188510
271198542
239043705
254822027
256456288
324088246
278956655
234814288
319628204
268282463
274604476
271968361
266616364
308686966
219007764
264640320
136079824
190722968
282936420
280130798
319352857
300070439
269104424
270872434
253859383
255642266
276972724
302648709
342412626
258415672
217209150
271230072
237121113
281844018
280362481
329990724
248085415
251564650
101048581
234704075
283440463
274148512
219013737
100619509
256325654
222820949
101504818
224855774
281510108
221520020
132196302
213024956
235729170
250204951
239067127
273032719
274402584
299138634
324992719
101071602
276964634
260518790
253863449
335200333
244691426
291790500
241710664
258730433
341566001
314602924
234251208
326232139
253663243
246131195
259283519
340432473
138836890
200607533
287036356
273582045
224354688
284496252
217880682
255648966
151809307
256046710
204682721
248753986
296118304
252044204
210253294
217281330
102617878
343186385
338314740
292198044
276408084
213471853
362504890
218416409
354630357
287870326
219141985
287856881
250471478
254517210
277828841
274026766
157538359
284368459
259598031
200037566
269088080
243999277
133344473
235122042
280926430
267232001
245888873
258326700
121005233
141082090
103692499
345780848
253989577
324848891
200226643
299464707
343292479
330018354
266784195
247153060
338248459
200602551
237055658
338660277
232669447
288676396
363590291
324722866
262988343
337204172
248031684
337230087
213060870
100232898
299694224
200256947
350598528
275262404
247159047
287018848
290148446
245578108
224583294
250468122
262276674
340776696
244202523
205192899
255594727
271754100
211409231
267004874
104174401
277816826
347554696
266724001
248588614
290952790
244584725
134393525
285480704
209878429
272868114
102443827
303488038
248322598
368384277
244582895
296590917
211696420
102973280
249039351
245890261
151207621
341092264
320182916
210690985
222357213
277846092
257957083
317936294
244474498
204682848
101701573
265934331
283380210
292460332
285160093
335900129
246822361
248914381
245943920
209878603
249187377
326300459
249472381
170456954
279240059
326044722
135277981
320516329
245494836
148656070
204682916
294642027
336318033
106237025
250280456
235079246
246248022
321378770
279720682
151249539
300640453
255838838
293370144
143561558
270166095
221974498
214414425
284368419
200229245
267420062
224902062
280938711
222771628
252193813
245363396
278742467
250447615
319484203
229973927
335746498
326266595
290200302
326308738
244135888
298122036
286990587
209154331
276162578
236207351
101313404
258314989
362218549
271210343
340964822
303532830
104063180
353066515
273960055
353248168
277082571
200231465
245413068
282204111
249671976
245737489
237040506
259824469
247878972
294252838
317064072
246186671
157271716
250394095
260220492
245673480
266922563
331610451
222301072
222303010
274676419
233269720
272406791
246018363
289346971
104342054
252380669
208510707
279900246
216953245
317192293
259207970
213143928
344046126
329260212
103659816
245384565
269528865
272744862
239828269
277998154
334076115
224448503
296180428
258006808
244538484
272628301
271392604
270106058
361248928
340836582
209878171
259030791
264314614
244350664
258838104
296298498
244270436
247032558
232595996
251382182
245544016
272950744
237846499
344554510
288238513
289374861
238354130
274078033
340580948
154680630
284488877
314722100
306668412
253884668
284566431
287206107
320650587
101363616
103111032
280050138
190455996
200074316
258552373
296050090
138398769
248591604
276364041
253920713
331820091
247424726
222301069
336050939
102617871
135270659
290090031
259825910
209910587
278346803
271466827
295906920
200259081
294728934
313686887
277552925
299464005
255838441
213578623
200599965
209878175
277082975
103111048
276808944
301574147
361022697
263848142
281866722
334076010
290202641
214234299
253924479
103501425
262602537
221515359
213037416
247042366
313356150
269640288
200009594
244478110
190801410
217095069
219637066
259826710
156924882
315744749
164812378
294596726
101747440
350600145
278308558
101503316
247076122
252547348
167028264
151551539
142950832
335736219
239067103
245629881
103660203
291864268
291006922
303080534
278914843
293353000
295652175
249191048
239667956
258719222
275594677
260518244
286322321
100076413
265906599
299726274
277478249
316418339
218803411
264038734
101048583
296790820
263926923
217435410
264618542
246168361
303116187
246387892
287016687
286998590
294372896
290220745
323762827
349236708
271206235
290738173
247080194
294884359
221922938
317970581
251153046
251492888
266616345
247750440
200498526
340796837
260660085
200608645
162342953
251009247
244634641
212727238
234383281
269502789
244149615
258181479
273664702
164751625
310460190
286014057
298994704
106325424
336538661
275692828
101309395
295448479
293202794
259810437
353984932
288712851
288722794
249191987
337338292
200266190
338406693
264960925
244484899
259913923
228388363
234111860
222286975
251014176
150821568
326342157
260510084
330072123
220877996
337298095
259818672
298000988
289032875
103217775
342870236
156680757
219015312
257195831
294526147
239805130
288298110
246786363
289760381
335862835
332766969
258574287
249191274
340630264
209372330
251735118
272412576
265272897
224885908
282188492
216656365
221703212
266362116
142971141
340634278
323896905
271098247
281620719
350512363
346512331
266372230
100006765
155252823
222301014
266734291
249864944
102476376
233973923
244654357
274644085
334364967
231623258
250897068
279886455
244375193
212895099
209878462
259451129
252063225
248594698
103660068
101309933
321276385
270862785
101297150
267120034
229115117
269304453
258390192
341092589
249212112
103658403
200207959
200078130
106974746
224159375
232005319
326060377
324706033
351394968
274716548
299046934
251375771
255908920
315914276
278578754
339406430
274768630
288696039
252535681
237850094
342034345
317798055
291538092
133780611
102614582
248169671
280422659
274816980
259425036
287800735
167238956
291556342
233273508
221833087
135952592
290176927
291020809
257949061
137671858
292026620
263978622
269650833
354270935
250432870
239677000
170454924
251150848
264684337
326298387
282348240
223895291
205319137
143393164
200614325
101569908
265360535
323012092
280602295
102443730
277248651
258717054
103525017
329910691
355820135
248924919
155891708
321754628
270200167
270796151
143355857
102508150
354868964
217256633
102508145
253312714
275506642
100661747
353178506
272412574
167028271
259945002
101334253
270878100
279634889
156878033
334230762
215603771
248460492
234999687
283850456
200279173
330414021
278616459
251730830
276594977
159623948
337718430
222208656
103658121
235580498
289640602
266226033
344516799
102441921
103524701
220897490
247795145
317572171
290398724
213106540
246068126
246252590
258026545
276356858
256649915
340804207
211700107
317750774
260103725
275684247
259067945
238076519
268418084
221385351
266724490
269670172
259981238
357648883
338552212
288490230
160107252
259029692
213082664
103658418
275494743
285572236
273674594
326380060
258939947
103657344
284910585
281834634
229199210
272406726
245882920
251582066
326212790
211179101
101309226
213055115
340760725
275420043
258648990
283270268
290858066
101743626
313942759
318652152
215728991
270514749
340794798
102617895
308924042
101384542
284358770
348288182
263566511
253932309
358714211
213987240
200611069
103084616
307230594
276682559
268424090
215738392
273658698
283398244
272030304
157484427
290198713
246817580
257450712
231608039
252940781
323786427
229199085
206928758
258570571
213481424
205314342
102476580
335024393
290202277
286120007
273850851
302256477
102935072
340614592
249862890
262010523
244296307
337330271
253842031
245310953
358922826
287210851
290042217
321826180
235850931
221515358
321524819
284912832
252201237
279384786
266716599
246013604
248449202
160063424
137670886
101584403
259509271
246820419
221515278
246273612
253863361
264920538
210881277
273718797
102442749
102429500
248301418
237054659
295856031
347326100
291836036
205880891
269986525
269080204
224585362
223402380
337838666
221709028
363510113
250804880
348906279
170461264
326436116
217256674
205198096
293882703
301492492
143179243
221515319
279372869
328444019
226282598
276374275
256027703
365602302
220427761
142518490
247403379
340752950
296550028
327010985
295166311
120469277
252181874
295716501
251571103
146148172
135608178
103217815
210529275
295984879
218153316
230981525
138627107
102617870
101747258
200056662
200048614
278396875
222301049
314684279
157358197
284914681
221515256
271082907
275400248
297526746
270892968
339980932
325866105
299734396
245919126
252717488
312578560
295400716
324476723
141147220
220924007
294206082
155892261
247038469
102139565
246658053
294766490
321882892
259206513
165425276
278686753
271212316
272882189
351812783
254517577
334442042
340418128
321902863
244456350
263922224
200255367
160993353
234734224
345540194
296634489
357870454
286872205
286332899
100150942
105618052
100012532
233618548
221496166
280218964
245954940
295352327
200602911
257999155
209878655
323772792
365750385
244155012
135949847
209878539
341648127
237051070
324504771
239064992
221515432
336106765
266712179
102139247
259990279
217927084
143179235
208625620
142956315
209878247
245264125
253922546
100670542
248575649
151197996
143233091
105388198
101310895
105427195
253290274
143234025
143234017
106077166
160111089
148008244
100841860
102134235
102337891
101357390
155029911
102337877
137433107
101009949
100057139
137432121
359516804
359706152
349014937
105390128
220387908
103741251
101460205
277058834
103288968
146146029
159862156
138006478
222735764
358524890
359426710
358512526
248575279
257995015
220399755
143232513
276870046
138005361
105389069
148003620
103289283
101814387
104062743
148007352
101436317
102617972
137432102
101567221
170461491
106870056
155032746
213015478
103373458
160054939
101567286
155029794
105388615
131818254
137671795
101794967
220387910
292448022
121477271
101567269
137675213
160045916
101374984
259862685
102030612
100841829
148002647
248586133
209761944
137999873
131819170
101357372
100918409
137994657
103105713
102337895
160063491
101785252
101357320
101374986
326604870
263838693
101363081
263852060
277206294
100128590
330010175
101363133
101310656
101310605
248596336
279488885
213026571
258418580
250898385
299378040
263158210
278928204
284892904
281664073
103090804
322048862
291296557
167028208
160938598
258933847
306442033
273822982
100139222
245669807
338132914
286114051
274490696
337202850
266724497
279886484
277088726
291614996
260504487
347972868
200224081
299372864
312194922
290216004
274150024
277866479
221715289
200502139
245154942
200230104
287650467
101783481
351146509
314736436
330530869
324088529
157485048
311956924
362760331
327150788
100051598
248591042
160899538
267306531
248179275
326320796
101578238
277400770
274596042
340456724
103658459
337246498
289466024
256622058
324138930
281020928
245754614
130113920
257661441
338136821
220429140
337662189
248214870
200051041
235118164
340768801
332862595
256604027
367244863
267000798
259206169
348546421
342842255
280602092
266752178
322426160
331284453
217883711
162342952
345288314
271386388
271998522
290404438
259921260
277296501
135248207
101842230
217090923
157119594
200080111
296168323
249986600
235603857
271192512
254555035
101741105
250868072
336804264
249036092
235324940
167028278
255822881
298062062
214817149
282366296
249191092
103334201
351816699
257452695
252058182
106307313
358602128
321520636
277544176
273158746
317172378
265600558
273706485
135928819
282894587
161354247
101048580
308818524
303808830
214143611
301052257
100767391
336264151
100077350
244554686
262850638
103090679
101761917
228646121
229199077
363648283
301760728
279166475
155015370
273510876
211409216
251589417
276346329
223030083
140165979
326282606
277082616
244585894
221463537
341294641
316718754
263870253
248395229
326046975
270024056
244579645
284906857
282348547
327332920
269678863
282344951
223410676
211580294
101549899
279896357
262120511
311586116
276556408
157217781
224692749
244474878
337174529
280572782
330086616
104063182
267138558
330392803
131749147
103763969
299964699
296514090
265158992
102508169
152446344
121533472
348582912
258728925
260104592
270524480
348364426
266718445
221405277
302612828
266516537
326232413
244485535
255855408
143328457
190801607
298674304
206800076
222301070
101473680
289672793
266374090
210724897
235076065
259342703
167263483
334130192
152427702
271292244
259431725
151203834
242852837
353186867
232693635
290676041
250674607
221049398
251048767
162342942
252319679
269992756
200248734
355974014
340190008
102296465
273642467
245633806
333514634
244536677
258315314
217209034
211409186
287866557
319410342
266444534
279298960
252201009
296280809
251726201
239056952
208588483
291224420
253922542
235615251
221515412
101071606
151254349
335172503
292238367
302640798
235213650
209878815
314134889
282662713
271218036
330058099
329520374
282618282
279464119
287780218
340772307
272690980
296166365
284350919
190459839
349142604
222301005
313776254
337282052
263568371
282912388
279440349
256066355
324808398
284532110
344358214
274610608
250247704
214173245
209878536
314652605
136082067
103373356
353212294
260204790
236914678
152446241
318140731
292616659
133378064
356768454
248381243
262262220
209878615
350342194
230681357
310396674
324340588
341060582
317690063
222301071
209878576
103680480
133767068
317198041
101954284
350254022
315900922
217209043
316694652
316760746
362490605
246393108
245760193
287632864
340924296
281128290
338714222
248916949
294650019
274230960
280932986
265382568
223480510
354170203
354184550
209878389
279278306
275236786
248591320
101592394
142723174
282992864
326178938
246643895
271860704
361104840
244150254
351634303
341016448
319680372
232376024
218174518
190766733
346866933
255716034
266052366
277076664
248171654
222301023
284136283
365508446
239771595
151553396
244537501
200056652
337584305
297102187
244364373
222342072
321906776
302270729
279398054
258174108
339804235
138616992
232336501
221043791
215628007
101799265
348136151
275360012
234113788
340924870
268656180
336920541
260106653
257442896
246248518
262346292
296738903
268646592
256892821
341748731
292008001
298182177
319634122
265452565
205344850
167618599
289394588
134391892
340644418
215722946
205206861
100037300
308190323
260170523
234960777
288968782
102607006
276398729
258177928
335362380
317364493
286026081
220896276
353922816
282556248
274032934
322584201
280226769
250318798
237056258
279394174
246041472
100983117
265850412
223479755
251582086
205147090
290172625
159165639
246380329
334384855
102956313
314094003
104237678
205142664
260066337
256897589
263872145
324878524
273672201
271190493
311946286
271204328
233272976
340998439
265152335
190801648
299750294
215725366
224587281
290232436
285524457
244690126
274148346
235381231
156933710
223837093
254823199
103283088
306278950
304986210
276098525
218798813
263830841
245158721
210868532
313422051
258852976
244060984
235001362
282312312
223897008
273784057
254393297
290392921
211409233
355740354
246128427
291158634
272956994
270786457
279778980
326288573
275250812
213845810
275942280
278332183
282612785
292946130
340452423
277984918
237982461
290898908
274798421
257167435
249867861
293538139
262348204
340412024
260944503
253272440
322124637
254820041
272708599
102336853
245663906
316596758
265906468
248762503
209878177
248217274
234017909
245682642
270834765
225119304
246013942
102772775
288864122
264374637
345730105
263556205
335052150
138040354
244491066
282644305
284922454
265214397
275714379
310186111
321172791
283778406
167818911
100072529
290966479
273138162
246020011
348128924
244541400
213061701
280298359
310188179
317086387
252209880
341958601
221515315
208966799
